#lambda/nm	DC	C1
208.295	566.6	566.2
208.67	504.4	507
209.045	472.2	471.6
209.419	469.6	461.2
209.794	678.6	678.8
210.169	659	661.4
210.544	781.8	784.4
210.919	680.8	683.8
211.295	662.6	666
211.67	672	673.6
212.045	680.8	681.4
212.421	659.4	652.6
212.796	704.4	704.6
213.172	671.2	664.8
213.547	663.8	663.2
213.923	671.8	663.8
214.299	666	669.2
214.675	678.2	675
215.051	679.4	687.2
215.427	679.2	688.4
215.803	688.6	684.2
216.179	673	674.4
216.555	659.2	665
216.932	675	687
217.308	663.2	671
217.684	669.8	677.4
218.061	675	671.6
218.438	679	670.4
218.814	662.2	666
219.191	677.8	674.8
219.568	670.2	665.6
219.945	668.6	662.4
220.322	676.8	676.4
220.699	675.8	673.6
221.076	682.4	676.2
221.453	678	681.6
221.83	668.2	659.8
222.208	669.4	662.6
222.585	657.2	668.6
222.962	676.2	675.4
223.34	670.6	675
223.717	670.4	669.8
224.095	664.2	668.2
224.473	673.6	660.6
224.851	657	664.2
225.229	664.4	662.6
225.607	683.8	684.8
225.985	659.8	664
226.363	665.2	666.2
226.741	665	678
227.119	674	663.6
227.497	680.4	685.2
227.876	659.4	655.8
228.254	669	666.8
228.633	671.2	675.6
229.011	665.2	662.4
229.39	677.4	670
229.769	669.4	679.8
230.148	674.4	676.6
230.527	689.2	687.8
230.905	681.6	669.2
231.284	673.6	675.8
231.664	661.6	670
232.043	681	682.8
232.422	676.2	678.2
232.801	668.6	673
233.181	672.8	674.2
233.56	669.2	675.6
233.94	665.8	678.4
234.319	662.8	657.6
234.699	664.6	667.4
235.079	720	717.6
235.458	704	718.4
235.838	689.6	692.6
236.218	657	663
236.598	657.4	658.6
236.978	657	670.4
237.358	662.2	659.4
237.738	662.2	669
238.119	675.4	681
238.499	659.6	660.2
238.88	669.8	673.4
239.26	679.6	679.8
239.641	661.8	653.4
240.021	667.2	658.6
240.402	680.2	672.6
240.783	659.4	664.6
241.163	665.6	662.8
241.544	674.6	669
241.925	670.4	669
242.306	688.2	685
242.687	662.6	663.8
243.069	668.8	670
243.45	681.2	670.8
243.831	664.8	656.6
244.212	670	663.8
244.594	706.2	702.8
244.975	687.4	667.6
245.357	672	664.4
245.739	667.6	669.8
246.12	668.2	669.6
246.502	682.2	680.4
246.884	669.8	667.6
247.266	668.8	664.6
247.648	672	674.6
248.03	694	696
248.412	677	671.8
248.794	679.8	682.6
249.176	666.2	659.6
249.559	682	687
249.941	662.2	663.4
250.323	659.8	660.8
250.706	662.4	671.2
251.089	667.2	670.8
251.471	679.4	678
251.854	663.6	671
252.237	667.4	678
252.62	682.4	675.2
253.002	683	680.4
253.385	677	661.2
253.769	685	682.6
254.152	664.4	664.4
254.535	681.8	685.8
254.918	671.8	652.8
255.301	665	674.2
255.685	663	671.8
256.068	655.8	661.6
256.452	691.6	698
256.835	685.6	672
257.219	678.2	676.6
257.603	689.2	684.2
257.986	662.6	657.2
258.37	673.8	673.8
258.754	661.2	653.4
259.138	682.4	680.6
259.522	677.6	676
259.906	671.2	661
260.29	671.6	674.4
260.675	657.8	666.6
261.059	674.4	667.6
261.443	657.4	668.6
261.828	677.2	682.4
262.212	674	678.2
262.597	659.4	652.4
262.981	664	671.6
263.366	677.4	677.4
263.751	671.8	673.8
264.136	663.4	663.8
264.521	658.6	664.2
264.906	675.8	669.6
265.291	673.6	677.6
265.676	662.2	666.8
266.061	675.6	679
266.446	690.4	688.2
266.831	673.2	671.6
267.217	686	691.2
267.602	677.8	678.2
267.987	672.6	674
268.373	671.8	671.4
268.759	681.2	673.6
269.144	672.8	670.6
269.53	666.4	665.8
269.916	660	667.4
270.302	671.2	664.6
270.688	673.6	670.2
271.074	675.4	674.6
271.46	675	675.2
271.846	705	706.2
272.232	676.4	669
272.618	672.4	662.8
273.004	669.4	670.8
273.391	686.4	674
273.777	684.8	679
274.164	671.6	675
274.55	680.6	680.4
274.937	670.2	677.2
275.324	659	671
275.71	681.8	677.4
276.097	671.6	684.6
276.484	665.2	655.6
276.871	672.2	672.8
277.258	676.2	675
277.645	660	658.4
278.032	667.6	673.2
278.419	670.6	665.4
278.807	683	680.8
279.194	662.8	672.6
279.581	662.8	665.6
279.969	673	672.6
280.356	676	675.2
280.744	674.8	670
281.131	698.8	693.4
281.519	678	679.2
281.907	665.6	672.8
282.295	666.8	668
282.682	686	685.6
283.07	676.6	670.4
283.458	684.4	688.4
283.846	681.8	676.2
284.235	688.4	685.4
284.623	688.4	685.8
285.011	663.2	662
285.399	670.4	665.2
285.788	671.8	673.4
286.176	656.8	652.6
286.565	691.8	696.2
286.953	666.4	663.4
287.342	666.8	669
287.731	664	668
288.119	659	660.6
288.508	667.6	668.8
288.897	672.8	665
289.286	659.6	653.8
289.675	674.8	674.4
290.064	678	683.6
290.453	664.4	666
290.821	673	670.6
291.21	685.8	679.2
291.599	667	666
291.989	669.2	663.6
292.378	678	677.8
292.768	697.2	687.4
293.157	674.4	680
293.547	688.8	680.8
293.936	669.2	667.8
294.326	665.8	667
294.716	680	673.2
295.106	669.6	666.2
295.496	675.4	676.6
295.886	684.4	676.2
296.276	664.6	670.6
296.666	655.8	669.6
297.056	671.6	669.8
297.446	658.6	667.4
297.836	685.4	691.6
298.227	669.8	672.4
298.617	672.6	674.6
299.008	685.6	684.8
299.398	667.8	662.4
299.789	665.2	678
300.179	676.2	670.8
300.57	684	694.2
300.961	662.6	664.8
301.352	666.2	672.2
301.742	681.2	677.8
302.133	671.4	678.4
302.524	667.2	673.6
302.915	667.4	671.4
303.307	665	661
303.698	685.4	680.8
304.089	679.4	673
304.48	664	670.8
304.872	678	675.6
305.263	681.2	668.6
305.655	662.4	671
306.046	678.4	679.8
306.438	678.8	677.4
306.829	666.4	665.8
307.221	691.8	685.4
307.613	680.8	676
308.005	679.4	688.6
308.397	682	683
308.789	702.4	693.2
309.181	705.6	698
309.573	693	687.6
309.965	691	682
310.357	670.4	668
310.749	684.6	687.4
311.142	668.4	664.2
311.534	668.8	673.8
311.926	689	679.8
312.319	675.4	670.2
312.711	665	665.6
313.104	691.6	683.6
313.497	674.8	678
313.889	715	715.4
314.282	691.8	685.2
314.675	694.6	702
315.068	676.2	678.4
315.461	679.8	688.4
315.854	699.8	705
316.247	677.6	690.2
316.64	669.6	670
317.033	680.6	669.4
317.405	689.6	685.8
317.798	668.4	678.8
318.192	681.2	680.4
318.585	668.4	672.2
318.979	683.4	679.4
319.372	667.8	665.4
319.766	676.8	671
320.16	680.8	687.2
320.553	693	683.8
320.947	703.8	697.4
321.341	670.2	671.4
321.735	666.6	677.4
322.129	664.4	657.2
322.523	701.2	699.2
322.917	664	665
323.311	696	685.2
323.705	672.6	672.8
324.099	686	684.6
324.494	689.4	696.6
324.888	685	679.6
325.282	673.4	665.8
325.677	684	677.4
326.071	684.2	681.2
326.466	688.8	685
326.861	677.4	674
327.255	681.2	684.6
327.65	685.4	694
328.045	688.8	693
328.44	673.8	664.4
328.835	677.4	671.6
329.23	661	672.8
329.625	699.4	695.2
330.02	664.6	668.2
330.415	694.8	680.6
330.81	677.4	670.8
331.206	674.4	673
331.601	666.6	669.2
331.996	676.6	676.2
332.37	688	697.8
332.766	656.2	663.8
333.161	698.8	693.4
333.557	669	666.2
333.953	668.6	679.8
334.348	1072.4	1142.4
334.744	663.8	678.8
335.14	669.8	673.8
335.536	664	675.2
335.932	681	679.4
336.328	680	672.8
336.724	681.6	675
337.12	676.6	677.8
337.516	672.8	683.2
337.913	670	673.4
338.309	683.2	692.2
338.705	677	670.6
339.102	678.4	679.8
339.498	664	674.6
339.895	680.4	685.2
340.291	673.8	664.6
340.688	681	687
341.085	657.6	660.2
341.481	670.6	667.4
341.878	666.6	672.4
342.275	697	693
342.672	661.8	667.4
343.069	672.8	667.4
343.466	659.4	662
343.842	677.8	686
344.239	662.2	667
344.636	667.8	674.6
345.033	664.8	662.6
345.431	658.4	663
345.828	669.8	668.8
346.225	667.8	663.6
346.623	714	702.2
347.02	676.4	669.4
347.418	678.8	680.6
347.816	690	692.2
348.213	661.8	662.2
348.611	670.6	674.4
349.009	663.6	678.6
349.407	692	693.4
349.805	661.2	656.6
350.203	661.8	665
350.601	684.6	683.4
350.999	666.6	665.6
351.397	745.8	727.2
351.795	673.2	674
352.193	679	676
352.57	676.6	675.2
352.969	683.4	684.8
353.367	669	660.2
353.766	665.6	659
354.164	666.4	659.6
354.563	676.6	685
354.961	672.6	662.6
355.36	667.4	664.4
355.759	664.8	670
356.158	664	663.4
356.557	668.4	661.6
356.956	668.2	662
357.355	656.8	655.6
357.754	679.8	671.8
358.153	669.2	671.4
358.552	701.2	696.2
358.951	664	679.8
359.35	678	674.2
359.75	661.8	667.8
360.149	659	666.6
360.527	656	653.6
360.926	651.8	667.4
361.326	674.6	672
361.726	667	667.8
362.125	660.2	657.2
362.525	682.8	673.8
362.925	663.4	660.6
363.325	670.2	667.8
363.724	660.4	669.4
364.124	659.8	661.8
364.524	668	656.2
364.924	663.6	659.2
365.324	684	673.6
365.725	645.6	658.6
366.125	672	676.2
366.525	664	668
366.904	658.8	652.4
367.304	648.8	654
367.705	685.4	685.4
368.105	678.4	677.4
368.506	668.4	655.8
368.906	665.8	666.4
369.307	660.8	665.6
369.708	680.8	665
370.108	649.8	653.2
370.509	670.8	676
370.91	661	658.4
371.311	671	666.4
371.712	670	673.8
372.113	664.8	668.6
372.514	649.8	654
372.894	661.4	666.6
373.295	662.2	659.4
373.696	675.4	674.8
374.097	675	676
374.499	697.8	694.2
374.9	675.2	661
375.301	663.2	662.4
375.703	668.8	670
376.105	656	659.2
376.506	668	661.8
376.908	674	674.2
377.309	665	660.6
377.711	665.8	665.8
378.113	662.4	661.8
378.493	671.8	667
378.895	662.8	661.8
379.297	672.4	677.6
379.699	640.4	650.8
380.102	666.6	671.2
380.504	668.8	658.4
380.906	656.2	657.6
381.308	693.2	684.2
381.71	657.6	664.4
382.113	674.6	674.6
382.515	664.6	656.8
382.918	673.6	673.6
383.299	666.6	667.8
383.701	677.4	667.8
384.104	674.6	670.2
384.507	648.8	653.2
384.909	661	669.6
385.312	651.2	650.6
385.715	650.2	650.4
386.118	672.2	661
386.521	650.8	653.8
386.924	667.8	677.8
387.327	655.8	656.8
387.709	647.4	647.6
388.112	649.6	657.2
388.515	659.8	665.8
388.918	668	662.8
389.322	666.4	663
389.725	660.2	661
390.129	684.6	688.4
390.532	669.8	672.8
390.936	661	667.4
391.339	650.2	656.6
391.743	658.2	672
392.125	659.4	653
392.529	673.2	675
392.933	679.2	671
393.337	663.6	658.4
393.74	655	675.2
394.144	664.8	662.8
394.548	658.6	657.8
394.953	667	657.8
395.357	670.2	665.8
395.761	667.8	661.4
396.144	666.4	669.2
396.548	661	662
396.952	672.8	664.4
397.357	668.2	668.8
397.761	664	658.2
398.166	672	663.8
398.57	661	659.8
398.975	659.4	648.6
399.379	659	667.4
399.763	710.4	722.8
400.168	659.6	665
400.572	660.6	666
400.977	660.6	671.6
401.382	691.4	693.2
401.787	669.4	674
402.192	680.6	680.6
402.597	679.8	672.4
403.002	657.2	657.8
403.386	678	679
403.791	681	686.2
404.197	657.4	659.6
404.602	664	672.2
405.007	664.8	666.6
405.413	662.4	661.2
405.818	662.2	669.8
406.224	658.8	655.4
406.608	667.4	667.4
407.014	649.6	660.4
407.42	685	679
407.825	670	661
408.231	683.6	673.8
408.637	665.4	679.6
409.043	685	682.8
409.449	656	666
409.834	663.4	656.6
410.24	675.8	668.4
410.646	680.4	676.6
411.052	670.6	679
411.458	667.4	674
411.865	678	668.2
412.271	673.4	671.6
412.677	669.4	669
413.062	681.6	671.4
413.469	659.2	656
413.875	694	692.4
414.282	687.6	686.4
414.689	664.6	670.6
415.095	667.8	672.8
415.502	660.4	652.6
415.888	666.2	667
416.294	653	659.8
416.701	705.4	709.8
417.108	661.6	649.8
417.515	672.8	673.2
417.923	664.4	659.6
418.33	695.8	685.4
418.715	682	678
419.123	661.8	662.8
419.53	663	661.6
419.937	666	670
420.345	688.8	690.4
420.752	658.8	666.8
421.16	676.6	682.2
421.546	663.2	665.2
421.953	673.8	674.6
422.361	648.8	653.8
422.769	666.2	659
423.177	663.6	652.6
423.585	693.6	694.4
423.992	698	695.4
424.379	681.6	684.4
424.787	669.6	674.6
425.195	695.4	678.4
425.603	667.4	667
426.011	683	677
426.419	680.8	685
426.806	667.4	669.2
427.214	669.8	685.2
427.623	677.2	676
428.031	687.8	684
428.44	676	671.4
428.848	686.8	686.6
429.235	676	687.6
429.644	669.6	667.4
430.053	673.2	668.2
430.461	689.4	679.6
430.87	688.4	699
431.279	677	683.8
431.666	655.4	666.2
432.075	677	670.4
432.484	671	670.4
432.893	666.4	660.6
433.302	684.4	687.2
433.711	721.4	713.8
434.099	677.2	676
434.508	656.6	661
434.918	659	660
435.327	678.4	674
435.737	664.6	667.8
436.125	670.6	670
436.534	668.6	671.8
436.944	669.8	667
437.353	670.8	666.6
437.763	689.4	693.8
438.173	661.2	667.4
438.561	675.8	676
438.971	655.2	650.8
439.381	667	664.8
439.791	667.6	673.2
440.201	644.4	646.4
440.589	665.2	673.2
440.999	669	673.2
441.409	665.2	667
441.819	657.6	657.6
442.23	675.8	678.8
442.619	678.8	683.4
443.029	668.8	664.6
443.439	669.2	668
443.85	674	679.4
444.26	679.2	688.8
444.649	672.2	676.2
445.06	660.8	677.6
445.471	667.6	660.6
445.881	662.2	672.2
446.292	679.4	684.2
446.682	694.6	697
447.092	648.2	659
447.503	718.2	725.6
447.914	668.4	666.6
448.325	667.2	665.4
448.715	660	670.4
449.126	665.8	660.6
449.537	667	666.6
449.948	666.2	667.2
450.338	669.4	669.6
450.75	676.4	679.8
451.161	671.4	677.4
451.572	681.8	678.6
451.984	663.6	660.4
452.374	653.8	651
452.786	667.8	659
453.197	673.2	670.6
453.609	673	676.4
453.999	649.2	657.4
454.411	653.4	655.2
454.823	681.2	680.6
455.235	672.4	669.8
455.647	662.2	662.6
456.037	674.4	666.2
456.449	649	644
456.862	670	668.6
457.274	673.2	672.2
457.665	666.4	653
458.077	669	674.2
458.489	702.8	689
458.902	666	663.8
459.293	670.4	662
459.705	660.6	661.8
460.118	664.2	662.6
460.53	667	671.2
460.921	662.8	661.6
461.334	670.4	666.2
461.747	660.4	664.4
462.16	683.8	682.2
462.551	682.2	682.4
462.964	672.8	679.2
463.377	652.6	651.2
463.79	663.8	656.6
464.182	671.4	680.6
464.595	647.6	657.8
465.008	663.4	659.2
465.421	668	666.4
465.813	656.4	668.4
466.226	673.2	673.2
466.64	658.2	663.6
467.053	709.4	712.8
467.445	670	673
467.859	681.6	688.6
468.272	659.2	663.4
468.686	666.8	670.8
469.078	665.6	654.2
469.492	647.2	652
469.906	659.6	661.6
470.298	668.2	667.6
470.712	657.2	657
471.126	715	723.2
471.54	645.8	639.8
471.933	653	652.4
472.347	654.4	660.8
472.761	656.2	651.8
473.175	655.4	650.6
473.568	658.2	659.6
473.982	653.8	652
474.397	657	666.8
474.79	660.2	664.8
475.204	667	666.2
475.619	651.6	657.6
476.033	669.4	664.8
476.426	661	657.8
476.841	654	651.2
477.256	685.8	684.6
477.649	654.6	650
478.064	656.8	651.2
478.479	653.8	649.6
478.872	652.2	656.2
479.287	638.6	640
479.702	650.6	649.2
480.118	658.6	658.6
480.511	655.2	652.8
480.927	651	658.6
481.342	652	661.6
481.736	664.6	661.2
482.151	645.2	651
482.566	668.2	672.2
482.96	656.4	658.6
483.376	657.4	678.8
483.792	646.4	654.2
484.186	653.4	670.6
484.602	656.2	656.4
485.017	656.2	662.6
485.412	657.8	661
485.827	665.2	667.2
486.243	654.2	658
486.638	684	682.4
487.054	668	672
487.47	674.4	677.4
487.865	657.2	653.2
488.281	655.8	650
488.697	648.4	663.2
489.092	658.8	660.4
489.508	655.8	656
489.925	676.4	673.8
490.32	653.4	647.8
490.736	657.8	667.4
491.153	660.4	661.6
491.548	659.4	660.6
491.964	669	672
492.381	648	647.6
492.776	664.2	659.2
493.193	654.8	658.6
493.61	669.8	669.6
494.006	659.8	662.4
494.422	661.4	665.2
494.84	651.2	650.6
495.235	686.6	672.4
495.652	664.4	657.6
496.069	664.4	660.4
496.465	650.6	649.4
496.883	651.6	664
497.3	692.8	690
497.696	656.2	654.2
498.113	667	667.6
498.509	649.6	655.2
498.927	651.2	651
499.344	648.4	651.8
499.741	650.4	656.4
500.158	672.6	667.6
500.576	670.4	677.2
500.973	659.6	660.2
501.39	650.6	655.6
501.787	650.4	654.6
502.205	663.2	665.6
502.623	656.6	653
503.02	646.8	647.6
503.438	658.2	649.8
503.856	658.2	656.4
504.253	669.4	668.4
504.671	659.6	668.8
505.068	660.2	651
505.486	654	661
505.905	684.6	675.6
506.302	660.2	667.8
506.72	673.8	679.6
507.118	658.8	656.2
507.536	654.2	668.6
507.955	658.2	652.2
508.352	663.4	665.6
508.771	655	661.4
509.169	661.2	671.8
509.587	652	650
510.006	662.8	666.6
510.404	639.8	662.4
510.823	652.8	655.6
511.221	657.8	664.4
511.64	654.8	662.8
512.038	677	665.8
512.457	664.8	668.2
512.877	671.2	660.6
513.275	660	648.4
513.694	655.2	671
514.092	661.8	661.6
514.512	668.2	676.6
514.91	657	656.4
515.33	658	663.4
515.749	669	664.4
516.148	662.8	667.2
516.568	664.4	665.2
516.966	659.2	664.6
517.386	658.6	650.6
517.785	672.6	658.8
518.205	663.6	646.8
518.603	654.6	648
519.024	656	653.8
519.444	663.4	656.2
519.843	678.2	671.4
520.263	675.8	669
520.662	671.2	670
521.082	659.4	655
521.481	666.4	667.4
521.902	659.8	655.8
522.301	662	668.4
522.722	661.8	673.6
523.121	662.8	660.6
523.542	659.4	661.6
523.963	666.6	670.8
524.362	662.8	655.4
524.783	667.4	664.8
525.183	668.6	652.6
525.604	662.2	673.6
526.003	649.6	655
526.425	652.2	661
526.824	674.2	671.2
527.246	667.8	671.6
527.646	678.6	673
528.067	659.8	664.2
528.467	661.4	659.2
528.888	663.8	664.6
529.289	661.2	661.4
529.71	662.8	665
530.11	656.2	665.4
530.532	655.8	668
530.932	653.6	663
531.354	646.2	652.2
531.755	689.8	695
532.176	674	673.2
532.577	658.4	667.6
532.999	656.8	668
533.4	653.8	664.2
533.822	675.2	671.2
534.223	667.2	663.4
534.645	659	660
535.046	648.6	660.2
535.468	660.8	653.2
535.869	675.8	676
536.292	655.8	656.6
536.693	689.6	693.2
537.115	655.2	663
537.516	661.2	648.4
537.939	655	652.6
538.34	674.8	676.4
538.742	671	667.6
539.165	659.4	657.2
539.566	657.8	660.2
539.989	645.2	643.2
540.391	650.6	658.2
540.814	656.8	657.8
541.216	667.6	659.8
541.639	657.8	656
542.041	671.6	665
542.464	648	658.2
542.866	648.6	659
543.268	642.8	643.4
543.691	663.4	655.6
544.093	669	667.4
544.517	679.6	681.4
544.919	650.8	654.4
545.343	682.4	681.2
545.745	646.8	650.2
546.147	665.6	662.4
546.571	644.2	655
546.974	643.6	654
547.398	654.4	668
547.8	663.8	670.2
548.224	653.2	650.4
548.627	650.4	662.4
549.03	662.4	663.4
549.454	649.8	639.4
549.857	642.2	644.6
550.281	644	653.6
550.684	646.6	653.4
551.087	670.6	667.2
551.512	663.2	663.8
551.915	674	665.6
552.34	667.4	653.8
552.743	648.4	646.6
553.146	655.4	654
553.571	647.6	650.2
553.975	676.6	680.4
554.399	644.4	651.6
554.803	703.6	702.6
555.207	654.8	641
555.632	647.8	648.8
556.036	666.8	655.2
556.461	649.2	644
556.865	661.4	649
557.268	655	654.2
557.694	666.6	650.6
558.098	653.2	666.2
558.502	664.2	660.2
558.927	651.4	653
559.332	659	659.8
559.736	662.4	661.8
560.162	668.2	667.8
560.566	656.2	654.4
560.992	659.2	663.8
561.396	653.6	659.4
561.801	661	655.6
562.227	665.8	657.8
562.631	656.6	652.4
563.036	653.4	660.8
563.462	666.8	670.6
563.867	662.6	663
564.272	637.6	644
564.698	663.6	663.2
565.103	643.2	652.2
565.508	671	683.4
565.935	657.6	653.6
566.34	650	659.6
566.745	671.6	665.8
567.172	640	649
567.577	677.4	671.2
567.982	665.4	665
568.409	656.8	661
568.815	649	649.8
569.22	659	651
569.626	656.4	665.2
570.053	647	645.2
570.459	654	663.4
570.865	655.8	667
571.292	667.8	655.2
571.698	658.6	649.2
572.104	638.4	640.6
572.531	653.8	648.2
572.937	667.2	660.8
573.343	650.2	653
573.75	646	652.6
574.177	652	656
574.583	649.8	650.2
574.99	650.2	649.2
575.396	663.2	662.6
575.824	644.4	654.8
576.231	660.6	652.4
576.637	645.6	648
577.065	680.4	680.6
577.472	647.6	648.8
577.879	648.8	650.6
578.286	669.2	667.4
578.714	638.2	642
579.121	646.2	651.6
579.528	659.8	654.6
579.935	669.8	661.8
580.364	654.8	649.6
580.771	642	637
581.178	642.2	643.6
581.585	655.4	651.4
582.014	657	664.4
582.421	644	644.6
582.829	652.6	648.6
583.236	665.8	657.8
583.644	641	648.8
584.073	644	654.2
584.481	648	643
584.889	642.4	642.4
585.296	651.4	652
585.726	651.2	645.6
586.134	645	639.8
586.542	642.2	650.2
586.95	670.2	675.6
587.358	640.6	636.4
587.787	646.4	656.4
588.196	644.4	643.8
588.604	646.6	646.8
589.012	647.8	649
589.421	638.2	643.4
589.851	643.4	648.4
590.259	653	657
590.668	644.6	647
591.076	689.4	693.6
591.485	645.2	650.2
591.894	649	658.4
592.324	659.4	663.2
592.733	661.8	664.6
593.142	638.2	641
593.551	641.8	646.2
593.96	654.8	654.6
594.369	645.6	638.4
594.8	642.8	639.2
595.209	642.4	656
595.618	639.6	636.2
596.028	647.4	641.8
596.437	646.2	634.8
596.847	646.6	658.2
597.256	658.8	654.6
597.687	657.8	664.8
598.097	655	650.4
598.507	645	647.8
598.917	662.4	655.4
599.327	658.6	656.8
599.736	655.8	653.8
600.146	659	662
600.556	659	655
600.988	661.2	662.6
601.398	654.4	655.2
601.808	662.8	668
602.219	651	640.4
602.629	650	650.4
603.039	659.6	657.4
603.45	676.8	678
603.86	656.8	669
604.271	672.8	670.6
604.703	651.6	657.6
605.114	655.6	655.2
605.525	651.6	648.8
605.935	657.2	659.8
606.346	672.6	682
606.757	655.2	667
607.168	655	660.6
607.579	648.4	644.4
607.99	665	666.8
608.402	652.2	658.2
608.813	658.8	662.8
609.224	638.6	653.6
609.636	640.2	646.8
610.047	657	643.2
610.48	652	658.4
610.892	662.2	671.8
611.303	656.8	663.6
611.715	653.8	654.4
612.127	649	646.8
612.539	650.6	648.8
612.95	656	649.6
613.362	643.6	640.4
613.774	639.2	638.6
614.186	638.8	653
614.599	639	655.6
615.011	662.6	665.6
615.423	646.8	656.6
615.835	638.4	651.2
616.248	646.6	643.8
616.66	651.6	658.4
617.073	641.6	660
617.485	646.6	647.4
617.898	658.2	655.8
618.311	654	652.2
618.723	647	649.6
619.136	684	684.4
619.549	669.4	664.6
619.962	675	677.2
620.375	654	650
620.788	657.8	662.6
621.201	646.2	648.2
621.614	667.6	656.6
622.028	647.2	645.2
622.441	654.4	652.8
622.854	670.2	667.2
623.268	642.2	640.6
623.681	660	663.6
624.095	652.8	658.8
624.509	666.6	657.8
624.922	659.8	654.6
625.336	643.6	644
625.728	658.8	651.2
626.142	667	667
626.556	669	675.2
626.97	659	661.2
627.384	647.6	654.2
627.799	648.8	649.2
628.213	661.4	666.4
628.627	651.2	649
629.041	657	645.2
629.456	653.2	651.2
629.87	655	657.4
630.285	665.4	666.4
630.699	664.2	663.6
631.093	647	656.6
631.507	659.4	650.4
631.922	660.2	648
632.337	669	666.4
632.752	652.6	648.4
633.167	648.6	652
633.582	652.6	651.6
633.997	649	654.4
634.412	642.4	646.2
634.806	653.2	650
635.221	644	640.8
635.637	665.2	660.6
636.052	642.2	642
636.468	651.8	653.6
636.883	673.4	676.4
637.299	650.6	648.8
637.715	643	639.4
638.109	649.8	652
638.525	640.6	634.6
638.941	663.6	663
639.357	655.4	648.8
639.773	660.4	658.2
640.189	645.2	641.4
640.584	645.2	640
641	653.2	650.6
641.416	643.6	634.6
641.832	638.2	643.4
642.249	649	645.8
642.665	652	650
643.06	658.4	653
643.477	663.8	654.2
643.894	642	638.8
644.31	653.6	646.8
644.727	646.4	643.4
645.123	653.6	644.8
645.54	647.6	638.8
645.957	643.4	650.6
646.374	658.2	673.4
646.77	652.8	651
647.187	675.4	679.4
647.604	644.6	648.2
648.021	632.6	643
648.439	645	642.6
648.835	648.8	649.6
649.252	655	643.8
649.67	651.2	645.8
650.088	650	653.2
650.484	651	655
650.902	659.6	656.4
651.32	654.4	654.8
651.738	647.6	639
652.134	652.6	653
652.552	657.4	667.2
652.971	653.2	656.6
653.389	648	649.8
653.786	657	671
654.204	658.6	675.4
654.622	639.4	643.8
655.019	648.6	655.2
655.438	645	654.8
655.857	645.8	649.4
656.275	648.8	660.2
656.673	638	638.2
657.091	727	728.2
657.51	643.6	646
657.908	669.6	664
658.327	666.2	664
658.746	639	631.6
659.144	656.2	647.2
659.563	667.8	659.4
659.982	653.2	641.8
660.38	653	646.8
660.8	649	651.4
661.219	655	669
661.617	648	652.2
662.037	651	651.4
662.457	675.2	665.6
662.855	642.2	633.8
663.275	683	681.6
663.695	654	650.4
664.094	642.2	642.8
664.514	653.8	655
664.934	642.8	641.8
665.333	659	667
665.753	643.2	649.2
666.152	644.4	633.2
666.572	643.2	644
666.993	663.8	671
667.392	639.8	639.8
667.812	652.8	647.6
668.212	637.4	650.8
668.632	663.2	656.4
669.053	651.2	644.2
669.453	652.4	656.4
669.874	655.2	641.2
670.273	651.2	646.4
670.694	634.8	640
671.116	658.8	664.2
671.515	654.8	657.2
671.937	639.6	649.4
672.337	651.2	642.8
672.758	641	645
673.158	661	652.6
673.58	636.6	639.8
673.98	646.2	659.2
674.402	664	670.6
674.824	646.4	643.4
675.224	641.6	649
675.646	642.4	639.8
676.047	640.8	640
676.469	647.6	638.8
676.869	657	655.2
677.292	647.2	640.6
677.693	642	639.6
678.115	645.2	639.6
678.516	655	651.8
678.939	646	660
679.34	644.4	640
679.762	656	662.6
680.164	654.2	655.2
680.586	638	631.6
680.988	647.6	646.8
681.411	672	672.8
681.812	640.2	649.8
682.236	640.2	634.8
682.637	638.2	646.6
683.061	634.8	636.6
683.462	651.4	653
683.864	639.2	649.8
684.288	649.2	650.6
684.69	636.6	639.6
685.114	655.6	659.8
685.516	655	655.8
685.94	643.4	639.2
686.342	655.8	656
686.766	641.2	634
687.168	641.4	635.4
687.571	666.2	662
687.995	644.2	646.8
688.398	639.2	634
688.822	646.4	647.2
689.225	659.2	662.2
689.628	665.6	670.6
690.052	646.2	645.4
690.456	657.2	650
690.88	648.2	647.6
691.284	627.2	644.2
691.687	658.2	651.6
692.112	635.2	644.4
692.515	637.2	637.8
692.919	642.2	645
693.344	658.4	637.4
693.747	646.6	646.4
694.173	640.6	637.2
694.577	661.8	656.2
694.98	640.6	651.8
695.406	648	645.2
695.81	658.6	652
696.214	651.4	656.4
696.64	651.8	653
697.044	655.8	643.4
697.448	656.8	664.8
697.874	649.6	650
698.279	647.4	642.2
698.684	641.6	638.6
699.11	640.4	638
699.514	647.8	642.8
699.919	646.4	647.8
700.324	640	635
700.75	648.6	653.6
701.156	647.8	641
701.561	659	664.6
701.987	645	653.6
702.393	656.8	659.8
702.798	660	661.6
703.203	645	637
703.63	649	644.2
704.036	644.4	647.4
704.442	656.4	648.6
704.847	632.4	636.4
705.274	642.4	649.6
705.68	651.6	652.2
706.086	660.2	662.4
706.492	638.8	644.8
706.92	649.4	646.8
707.326	658.4	652.8
707.732	639.6	651.2
708.139	637.2	641.8
708.545	635.8	636.4
708.973	649.6	639.8
709.38	645.2	645.4
709.786	631.4	632
710.193	662.8	659.4
710.6	651.8	654.4
711.028	636.2	641.8
711.435	649	643.8
711.842	644.6	653.4
712.249	647.4	648
712.656	650.6	644.8
713.064	657.4	654.6
713.492	636	633.2
713.9	644	652.4
714.307	648.6	650.6
714.715	648.4	643.6
715.123	639.4	655.2
715.53	646.8	645.2
715.938	652	651.6
716.367	647.4	649.6
716.775	636.8	642.4
717.184	631.6	638
717.592	646.4	644.8
718	660.2	656
718.408	669.2	677.4
718.816	692.2	693.2
719.225	657.4	654
719.633	640.2	650.2
720.042	638.4	644
720.472	635.4	650
720.881	671.4	668.2
721.29	653.8	646.2
721.699	634.6	636.2
722.108	652	648
722.517	644	649
722.926	639.8	643
723.335	656.4	654.8
723.744	645.2	651
724.154	651.2	641.6
724.563	648.2	642.4
724.973	651.2	646.4
725.382	643.8	640
725.792	640.4	638.2
726.202	638	627.4
726.612	666	660
727.022	651.2	648
727.432	633.4	644.6
779.813	642	635
780.223	692.6	682.6
780.634	648	648
781.044	630.6	637
781.454	645.2	646.8
781.865	663.2	664.6
782.276	632.6	638
782.686	654	657
783.097	636.8	642.8
783.508	655.4	651.8
783.919	650	645.6
784.33	666.2	649
784.741	656.4	659.2
785.152	642.8	637.8
785.563	630.6	635.6
785.974	640	634
786.386	650	655.6
786.776	642	636.8
787.188	644.8	643.2
787.599	639.8	638.4
788.011	653.2	658
788.423	647.8	652
788.835	652.6	636.4
789.247	636	634.2
789.659	638.4	633.2
790.071	640.4	639.4
790.483	686	688.6
790.874	634.8	640.6
791.286	651	652.8
791.699	642.2	633.4
792.111	647.4	642
792.524	640.8	654.6
792.937	648.4	640.2
793.349	638.8	629.4
793.741	635.4	635.6
794.154	631.2	629
794.567	664.4	656
794.98	640.2	642.4
795.393	628.8	639.4
795.785	654.8	661.6
796.198	639	634.6
796.612	645.6	643
797.026	642.8	635.2
797.439	624.4	627.6
797.831	641	634.4
798.245	624	631.4
798.659	640.4	638.2
799.073	636	624.2
799.487	635.4	634.2
799.88	637.8	641.4
800.294	640	649.8
800.708	645.2	648
801.123	647.6	640.6
801.516	660.6	664.6
801.93	629.8	631.8
802.345	634.4	635.6
802.76	638.6	644
803.153	653.4	649.6
803.568	659.6	658.8
803.983	654.2	657
804.377	642.6	646.2
804.792	631.6	637.4
805.207	623	628.4
805.601	637.2	650
806.016	677	686.6
806.432	636.8	641.6
806.826	666.4	675.4
807.242	653.8	657
807.658	635.8	641.4
808.052	633.6	639.8
808.468	640.8	645.2
808.884	642.8	642.4
809.279	646	638
809.695	654.4	654
810.111	655	664.4
810.506	647.6	643.6
810.922	656.6	667.2
811.339	636.2	633.4
811.734	647.2	650.8
812.151	644	646
812.546	638.8	643.2
812.963	633.2	634.4
813.38	648.8	638.2
813.776	644.6	643.4
814.193	664.6	669.8
814.589	638.2	630.6
815.006	640.8	632.2
815.402	627.6	632.4
815.82	635.6	632.8
816.237	644.2	638.2
816.633	650.6	637.4
817.051	632.6	636.2
817.448	646	646
817.866	627.2	636.6
818.262	668.6	657.4
818.68	640.8	636
819.077	639.2	636.4
819.495	639.6	641.2
819.892	684.8	691
820.311	641.2	638.6
820.708	641.2	635.8
821.127	640.2	641.2
821.524	651.8	650.6
821.943	646	644
822.34	658.8	657.8
822.759	643.8	649.4
823.157	639.6	650.4
823.576	665.4	656
823.974	643	650.2
824.393	763.6	757
824.791	635.8	640.6
825.189	634.6	628
825.609	635.8	644.2
826.007	647.6	643.6
826.427	630.6	625
826.826	642	640.6
827.246	640.6	641.6
827.644	629.2	630.2
828.043	662	655.6
828.463	646.4	635.6
828.862	652.6	653.2
829.261	650.2	646.2
829.682	634.8	636
830.081	647	651.4
830.502	640	634
830.901	650.8	648.8
831.301	636	634.8
831.722	634.2	630.2
832.121	638.8	641.6
832.521	634.4	633.2
832.943	640.2	637.6
833.342	645.2	639.4
833.742	630.2	624.8
834.164	645	633.4
834.564	628	629.4
834.965	632.6	635.2
835.386	637.8	633.4
835.787	635.4	634
836.188	641.2	641.2
836.588	644.2	638.2
837.01	629.4	644
837.411	630.6	627.2
837.812	650.2	649.4
838.213	642	635.8
838.636	645.2	628
839.037	715.8	710.6
839.438	647.4	641.8
839.84	635	640.6
840.263	652	646.6
840.664	650.6	646
841.066	641.2	641.4
841.468	643.2	647.2
841.891	638.6	630.8
842.293	663	649.6
842.695	642.6	644.6
843.098	656.4	647
843.5	635.2	637.4
843.902	646	636.4
844.326	644	643
844.729	646.8	643.6
845.131	652.6	652.8
845.534	647.2	643.6
845.937	653.8	653.6
846.34	668.6	662.4
846.764	634.6	631
847.167	648.4	646
847.571	636.4	629.4
847.974	640.8	645
848.377	639.8	643.8
848.781	689.6	690.4
849.184	652.8	657
849.588	638.4	643.4
849.992	629.4	632.2
850.396	642.8	632.6
850.821	654.4	660.6
851.225	639.6	642
851.63	641.8	641.6
852.034	654.8	657.6
852.438	640	643.4
852.843	776	774.4
853.247	632.2	635.6
853.652	641.2	638.4
854.057	656.6	666.8
854.462	634.4	642
854.867	648	648
855.272	676.6	675.4
855.677	647.2	660.2
856.082	637	632.6
856.487	630.6	626
856.893	655.2	646
857.298	646	640.4
857.704	639	634.6
858.11	636	645
858.516	648.8	648
858.922	650.8	654.2
859.328	657.6	652.4
859.734	639	649
860.14	657.2	641.6
860.525	639	646
860.931	635.4	627.4
861.338	643.8	635.4
861.745	638.6	651
862.151	644	645
862.558	646.6	645
862.965	641.6	643.2
863.372	642.8	633.8
863.779	637.4	633.6
864.186	656.8	660.8
864.572	648.8	643.4
864.98	657.6	663.2
865.387	678.2	677.2
865.795	630.2	636.8
866.203	651.4	657.2
866.61	630	624.8
867.018	662.4	654.8
867.405	646.4	642.8
867.813	638.8	647
868.221	635.6	637.6
868.63	634.4	640.2
869.038	642.8	654
869.425	687.2	684.2
869.834	638.4	647.6
870.243	640.2	643.8
870.652	636.8	638.2
871.039	631.8	636.2
871.448	636.8	637.6
871.857	640.8	648.4
872.266	645.6	638.8
872.654	643.2	643
873.064	635.4	646.8
873.473	646.6	657
873.883	635.4	642
874.271	635.4	635
874.681	657	651.8
875.091	626.6	631.8
875.48	646.2	650.6
875.89	662.6	657.6
876.3	627.2	632.8
876.689	628	621
877.1	642.2	638.6
877.51	641	647.4
877.9	663.8	664
878.31	635	635.4
878.721	669.2	669.2
879.111	648.2	632.6
879.522	644	642.8
879.933	629.4	628.4
880.323	639.8	628.2
880.734	625.4	635
881.125	643.6	644.8
881.536	634.8	639.6
881.948	634.2	630.6
882.338	642.2	642
882.75	650.2	646.8
883.141	636.4	629
883.553	645.2	641.8
883.944	672	668.6
884.356	645.2	648
884.769	642.8	644.8
885.16	649	641.8
885.573	645	637.2
885.964	628	634.4
886.377	641.6	642.8
886.768	626.4	638.2
887.181	642.2	644
887.573	630.2	640.2
887.987	652.6	648.2
888.378	651.6	652
888.792	636.2	645.6
889.184	686	700
889.598	636	633.8
889.99	642	645
890.383	635	642.2
890.797	632	634.2
891.19	654.2	650.2
891.604	628.4	636.4
891.997	628	635.6
892.411	638.2	629.8
892.805	635	635.4
893.198	645.8	638.8
893.613	631	625.2
894.006	636.2	634
894.421	628	632.4
894.815	635.2	647.6
895.209	630	633.4
895.624	685.8	676.2
896.018	651.8	656.4
896.412	631.4	625.4
896.828	641	635.4
897.222	647.2	640.6
897.617	639	625.4
898.033	653.2	656.8
898.427	638.6	633.6
898.822	641.2	632.6
899.239	632.8	623.2
899.634	628.8	630
900.029	656.8	650.6
900.424	633	630.2
900.841	632.4	626
901.236	647	643
901.632	645	638.4
902.027	706.2	702.4
902.445	647	642.8
902.841	635.8	639.6
903.237	632.2	638.8
903.633	648.2	654
904.05	644	646.2
904.447	633.4	638.8
904.843	649.6	641.6
905.24	636.2	640.8
905.636	624.6	635.8
906.033	629.2	644.4
906.451	652.8	651.4
906.848	626.6	638.6
907.246	634.2	633.8
907.643	637.2	643.2
908.04	643	638.2
908.438	659.8	652.8
908.835	647.4	657.6
909.254	642.4	642.8
909.652	641.6	641.4
910.05	642.6	641.6
910.448	632.2	628
910.846	641	640.2
911.244	630.4	627.6
911.643	646.2	643.4
912.041	646.8	639.4
912.44	650.8	659
912.839	626.4	631.2
913.237	633	625.6
913.636	635.2	633.2
914.035	646.8	640.6
914.434	639.6	624.6
914.834	648.4	652
915.233	654	647
915.633	637.8	630.6
916.032	634.8	624.4
916.432	634.6	639
916.832	662.2	643
917.232	642	640.4
917.632	627.8	622.8
918.032	650.6	636.6
918.432	643.4	641.6
918.833	635.8	634.2
919.233	643	634.2
919.634	627.8	631.4
920.035	645.2	646.8
920.436	630	644.4
920.837	641.6	652.6
921.238	636.8	630.2
921.639	641	643.2
922.019	639	644.6
922.42	636.2	647.2
922.822	647.8	654.2
923.224	638.2	635
923.625	631.8	633
924.027	639.2	637.4
924.429	660.2	653
924.81	644.6	642
925.212	635.4	646.4
925.615	640.2	638.6
926.017	640.2	646
926.42	656.8	639.2
926.801	639	644.4
927.204	636.6	639.6
927.607	641.6	652.6
928.01	649.4	662
928.413	649	635.6
928.795	620.2	628.6
929.199	631.2	635.2
929.602	632	641
930.006	630.6	631
930.388	624	631.8
930.792	642.6	638.8
931.196	633.4	642.8
931.579	679.8	677.6
931.983	625	629.4
932.388	682.6	686.4
932.771	637	635.6
933.176	624.6	624.6
933.58	632	639.4
933.964	640.8	644.8
934.369	627.2	631.6
934.774	644.4	640.8
935.158	643.2	631.6
935.563	635.4	644.6
935.947	634.4	643
936.353	641.4	645.6
936.759	623	636.8
937.143	646	640.2
937.549	639.8	637
937.934	650	654.2
938.34	652.6	659.2
938.746	634.2	633.8
939.131	637.6	633.4
939.538	630.4	625.2
939.923	639	637.2
940.33	630.6	634
940.716	640.2	634.2
941.123	636.4	635.6
941.508	646.6	653.8
941.916	645.8	662.2
942.302	637.8	640.2
942.709	623.8	627.4
943.096	628.8	633.8
943.503	638.4	637.8
943.89	633.8	633.6
944.298	635	639.4
944.685	662.8	661
945.072	639.4	628.4
945.48	660.2	651.4
945.867	633.4	633.4
946.276	624	630.4
946.663	663.6	664.4
947.051	644.2	652.6
947.46	644.2	649.6
947.848	649	637.8
948.257	627.4	634.2
948.645	642.8	632
949.033	644.2	632.8
949.443	627	631.6
949.831	677.8	691.6
950.22	625.8	635.6
950.63	645	651
951.018	673.4	675
951.407	632	637.4
951.796	632.4	629.6
952.207	646.4	646.4
952.596	641.8	645
952.985	630.2	629.4
953.375	681.2	680.2
953.786	640.4	634
954.176	629.4	623
954.566	642	652.4
954.956	627.2	625.4
955.367	633.4	632
955.758	661.4	653.8
956.148	619.2	623.2
956.539	651.2	646.8
956.929	630.6	626
957.341	637.8	625.8
957.732	637	641.2
958.123	646.2	637.4
958.515	632	625.8
958.906	649.4	642.6
959.297	639.6	638.2
959.689	639.8	638.8
960.102	631	631
960.494	648.4	637.2
960.886	632.6	639.4
961.278	630.4	633.6
961.67	657.2	660.6
962.062	674.2	675.2
962.455	640.6	638.8
962.847	631.2	636.6
963.24	640.6	635
963.633	632.4	639
964.026	632.6	626.6
964.419	635	628.8
964.812	647.2	647.6
965.206	631	624.2
965.599	635.2	644.4
965.993	626.2	634.2
966.386	626	634
966.78	658.8	645.2
967.174	646.6	644
967.569	629.2	635
967.963	629.6	633.8
968.357	633.4	637.4
968.752	633	629.4
969.146	626.8	637.4
969.541	627	624
969.936	634.6	628.4
970.331	638.4	638.8
970.705	633.6	630.4
971.1	634	639
971.496	638.6	641.6
971.892	633.2	636.4
972.287	638.2	631.2
972.683	637.6	632.8
973.079	640.2	635
973.454	642.8	661.4
973.85	638.4	645.2
974.247	640.6	653.4
974.643	669.4	664
975.04	637.2	648
975.415	634.4	640.4
975.812	629.2	630.4
976.209	639.6	644
976.607	631.2	625.6
976.982	647.6	650.4
977.38	658.2	654.4
977.778	636.6	634.8
978.175	641.4	631
978.552	638.6	639.6
978.95	639.6	643.8
979.348	645.6	644.2
979.725	683.2	682.2
980.123	629.2	631.2
980.522	630	640.6
980.899	628	621.6
981.298	633.2	629.6
981.697	635	639.2
982.075	631	629.2
982.474	629.4	629.4
982.852	645.2	630.4
983.251	646	632.6
983.651	632.2	634.6
984.029	640	650.8
984.429	634.4	644.4
984.808	631.8	626.2
985.208	639.4	639.2
985.609	637	625.6
985.987	625.6	615.8
986.388	631.8	626.2
986.768	641.4	646.2
987.168	631.4	632.6
987.548	651.4	638.4
987.949	643	646.8
988.329	642.6	635
988.731	626.4	623.8
989.111	633.4	621
989.491	639.8	635.4
989.893	635.4	638.8
990.273	647.6	648
990.676	628	636
991.057	626	622.6
991.459	637.2	632.2
991.84	627.8	639
992.221	636.4	632.2
992.624	645.8	650
993.006	637.4	642.8
993.388	632.8	640.2
993.791	633.2	644
994.173	638.6	633
994.576	669.6	671
994.959	626.8	626.4
995.341	621.4	635.8
995.724	624.8	629.6
996.128	629.6	629.2
996.511	634.4	638.4
996.894	633	624.8
997.298	628.4	622.8
997.681	643.4	637.8
998.065	639.8	633.8
998.448	629.4	624.8
998.854	646.2	645.6
999.237	625	618.8
999.621	647.4	645.6
1000.01	654.8	647.2
1000.39	638	631.2
1000.8	630.8	628.4
1001.18	636.2	644
1001.56	644.2	644.6
1001.95	640.2	640.4
1002.33	639.6	639
1002.72	630	644
1003.13	633.4	631.6
1003.51	634.8	636.4
1003.9	634.8	637.8
1004.28	651	659.8
1004.67	625.2	633.2
1005.06	631.8	651
1005.44	662.8	672.8
1005.83	621.2	624
1006.21	621.6	633.2
1006.6	623.2	628.8
1006.99	634.6	645.4
1007.37	640.8	642.8
1007.76	636.8	631.2
1060.12	625	636
1060.51	626.8	621.8
1060.89	639.8	641
1061.28	643.8	648
1061.67	640.8	651
1062.06	637.8	636.2
1062.45	625.4	633.4
1062.83	627.6	631
1063.22	634.2	638
1063.61	680.6	682.4
1064	646.4	634
1064.39	635	626.8
1064.78	628	631.6
1065.14	642.2	641.8
1065.53	643.2	634
1065.92	644.6	643
1066.31	630.6	631.8
1066.7	638	636.4
1067.09	644.8	654.4
1067.46	642.8	638.4
1067.85	632.6	634.4
1068.24	633.4	629.6
1068.63	644.6	633.6
1069.02	624.8	628.8
1069.39	641.4	642.4
1069.78	624.2	633
1070.17	632.4	623.2
1070.57	623.2	631
1070.93	640.4	642.6
1071.33	629	621.4
1071.72	647.4	639.2
1072.11	630.4	636.6
1072.48	629.8	633.4
1072.87	639	639.8
1073.26	632.8	635
1073.64	628.4	628.8
1074.03	625	625.2
1074.4	636.4	633
1074.79	636.2	635.6
1075.19	629.8	633.2
1075.56	625.6	639.4
1075.95	632.4	641.6
1076.34	627.8	640.2
1076.72	634.4	632.6
1077.11	642.2	646.2
1077.48	639.4	640.2
1077.88	634.6	625.2
1078.25	638.2	634
1078.64	647.8	641.2
1079.02	646.4	646.4
1079.41	649	649.6
1079.78	634	635.8
1080.18	626.6	630.6
1080.55	703.6	704.2
1080.95	624.2	633.2
1081.32	630	619.4
1081.72	634.6	633.8
1082.09	639.6	634
1082.49	629.6	625.4
1082.86	635.4	634.8
1083.24	622.4	617.4
1083.63	623.6	622.6
1084.01	634.4	625.8
1084.38	643.4	646.6
1084.78	626.2	620.6
1085.16	637	639.4
1085.55	649.6	641
1085.93	659	652
1086.31	626.2	620.4
1086.7	669.4	664.6
1087.08	641	640.6
1087.46	633.6	634
1087.83	624	628.8
1088.23	636.8	643.6
1088.61	623.4	631.8
1088.99	645.4	632.6
1089.36	627.6	631.2
1089.76	628.4	627.2
1090.14	635	639.8
1090.52	632.2	626.2
1090.9	632.8	634.4
1091.27	642.6	633
1091.67	657.4	651
1092.05	643.4	634.4
1092.43	623.8	626
1092.81	646.2	645.6
1093.19	639.6	641.8
1093.57	632.4	633.8
1093.95	641.8	627.2
1094.35	637.4	643.4
1094.73	643	641
1095.11	623.2	630.8
1095.49	622.2	634.4
1095.87	634.4	629.6
1096.25	643.4	640.4
1096.63	640.2	639.6
1097.01	634.8	632.2
1097.39	640.2	637.8
1097.77	632.6	630.8
1098.15	641	636.2
1098.53	630.4	629.6
1098.91	631.2	630
1099.29	637.6	626.6
1099.68	644	647.2
1100.06	640	643
1100.44	641.8	635
1100.82	636.2	642
1101.18	645.4	653
1101.56	632.6	625.2
1101.95	631.8	621.8
1102.33	630.4	634.8
1102.71	644.6	636.2
1103.1	620.4	630.6
1103.48	622.2	624
1103.86	621.8	623
1104.22	639	641.2
1104.61	637.6	640.6
1104.99	630.2	629
1105.38	622.2	630.6
1105.76	634	646.8
1106.12	628.2	628.2
1106.51	668.8	669.6
1106.89	642.6	639.8
1107.26	632.4	632.6
1107.64	644.2	637.6
1108.03	638.2	629.2
1108.41	627.8	632.8
1108.78	641.8	634.4
1109.16	636.4	632
1109.55	643	648.6
1109.91	620.8	625.6
1110.3	627.2	615.4
1110.69	649.6	647.6
1111.05	631	623.6
1111.44	627.4	631.4
1111.8	641.2	642.8
1112.19	635.8	641
1112.58	634.8	641.8
1112.94	625.6	618.6
1113.33	631.6	629.2
1113.7	632	632.4
1114.09	630	635.6
1114.45	622	635.6
1114.84	625	640.6
1115.21	643	636.2
1115.6	627.4	625.6
1115.96	639.8	635.8
1116.35	629.4	653.4
1116.72	633.8	625.2
1117.11	643.4	647.6
1117.48	627	632.2
1117.85	628.4	633.4
1118.24	654.4	642
1118.6	634	636.8
1118.99	627.2	631.2
1119.36	644.6	643.6
1119.73	625	630
1120.12	631.2	632.4
1120.49	624.4	621
1120.86	640.6	639.4
1121.25	626.2	627.4
1121.62	627	623.6
1121.99	626	627.2
1122.38	650.2	645
1122.76	633.8	630.6
1123.13	626	624.6
1123.5	634.4	640.4
1123.89	643	647.8
1124.26	622.2	627.2
1124.63	637	632.6
1125	635.2	640.4
1125.4	626.4	624.6
1125.77	625.8	616.6
1126.14	615	609.2
1126.51	632.4	628.4
1126.88	633.4	637.8
1127.26	634.6	629.4
1127.63	615	621.4
1128.02	625.4	632.8
1128.4	628.8	631.4
1128.77	635	626.8
1129.14	637	624.6
1129.52	635.2	630.2
1129.89	630.6	629.2
1130.26	619.6	628.8
1130.64	619.6	621.4
1131.01	625	634
